0.17335E+10 0.10629E+08 0.00000E+01 42003 0 0 2943 0.16980E-05 0.00000E+01 0.17335E+10
1 1857800000.0 118180000.0 2.8449 71147000000.0 1857800000.0
2 1755300000.0 38823000.0 1.3989 19932000000.0 1755300000.0
3 1726900000.0 21074000.0 1.0915 18896000000.0 1726900000.0
4 1777400000.0 104850000.0 2.638 54592000000.0 1777400000.0
5 1715900000.0 39254000.0 1.4468 29575000000.0 1715900000.0
6 1730300000.0 21486000.0 1.1107 17076000000.0 1730300000.0
7 1742600000.0 119160000.0 3.0579 103080000000.0 1742600000.0
8 1734300000.0 40944000.0 1.4932 24016000000.0 1734300000.0
9 1734900000.0 20874000.0 1.0762 16118000000.0 1734900000.0
