0.16361E+10 0.14158E+08 0.00000E+01 154003 0 0 8890 0.54280E-05 0.00000E+01 0.16361E+10
1 1520400000.0 83835000.0 4.932 220620000000.0 1520400000.0
2 1640800000.0 31005000.0 2.3902 99779000000.0 1640800000.0
3 1635600000.0 13069000.0 1.4294 44395000000.0 1635600000.0
4 1406600000.0 59545000.0 3.7863 183730000000.0 1406600000.0
5 1631000000.0 27433000.0 2.1275 92756000000.0 1631000000.0
6 1653400000.0 12821000.0 1.3872 31499000000.0 1653400000.0
7 1245700000.0 353240000.0 17.934 1.3498e+12 1245700000.0
8 1692400000.0 90262000.0 4.7703 280850000000.0 1692400000.0
9 1627200000.0 25060000.0 1.9481 76463000000.0 1627200000.0
